0.763260 1.092113
1.107173 1.090220
1.207503 0.952979
0.784700 0.754685
1.190260 0.874058
1.019875 1.234664
1.151929 0.910451
0.768662 1.048181
1.130291 0.922597
0.778123 1.219024
1.009468 1.142254
0.950934 0.995369
0.925909 0.766709
1.125042 0.823626
0.909841 0.847186
0.971397 0.967566
1.090159 0.986473
0.963019 0.913640
1.040918 1.112087
1.118465 0.953101
1.097545 0.839984
0.972816 1.081492
1.220962 1.194945
0.979408 1.106105
1.237579 1.202834
0.795228 1.102107
1.033471 1.120693
1.153333 1.107891
1.030786 0.820055
0.775208 1.200392
1.024422 1.089351
1.026437 0.840747
1.207259 0.870609
0.768494 1.131344
0.961966 1.196760
1.110057 0.874302
1.247574 0.844287
1.010796 1.072657
1.158795 0.967780
0.940909 0.764298
0.986427 1.231201
1.049387 0.829745
0.856845 1.202010
1.044137 1.163984
0.778596 1.023659
1.237274 0.853351
1.174589 1.131924
0.958518 1.247879
1.227447 1.030786
0.789827 1.069636
1.116756 0.893651
0.824526 0.948126
0.975898 1.005287
0.903935 1.022713
1.146695 0.810152
1.034646 1.003365
1.060099 1.083018
0.939611 0.829791
0.821001 0.986930
0.946219 0.819994
0.825243 1.034890
1.164197 0.948676
0.986930 1.220183
1.156919 1.146054
0.904271 0.831362
1.058893 0.757920
1.042047 1.217559
0.842593 1.057474
0.758728 1.019356
1.188032 0.949377
0.756546 1.131375
1.157697 0.757004
0.782395 0.911718
1.130612 1.233230
1.158017 0.904271
1.198088 1.185469
0.967231 1.089198
0.974540 0.855625
0.978690 0.927450
1.026543 0.945593
1.131939 1.214858
0.873142 0.928777
1.165204 1.011345
0.760559 1.038446
1.212905 1.161054
1.164441 1.073466
0.950903 1.168851
1.222777 0.912053
1.117840 0.948889
1.052667 0.874149
0.990562 1.211013
1.153882 0.822970
1.141690 1.000191
0.852512 1.146588
1.057672 1.155255
0.987922 1.009911
0.945181 1.201888
0.795717 1.017846
0.804201 0.946036
1.190367 1.180189
1.095851 0.783021
0.900197 0.818911
1.082896 0.988121
1.158261 0.808489
1.171522 1.004219
0.901692 0.789796
0.831927 0.992210
1.183317 1.248291
0.926382 1.159604
1.247970 1.097057
1.022362 1.133190
0.977226 1.155515
1.019448 0.891209
1.155347 1.163923
1.167692 1.020791
0.759537 1.225036
0.805620 0.816073
1.227950 0.812807
0.896290 0.982887
0.908071 1.239425
1.189146 0.965522
1.139264 1.220534
1.086085 1.161100
1.171812 0.930258
1.039682 1.037256
0.876331 1.185698
1.061823 0.918981
0.946234 1.152036
1.170789 0.959723
1.046381 1.208922
0.854877 1.062891
1.111324 0.868397
0.880940 0.769089
1.245956 0.885365
1.025506 0.874943
0.931860 0.951010
1.057093 0.798738
0.992515 1.109828
1.047555 0.958975
1.020333 0.790910
0.840594 1.181165
1.218703 1.094249
0.755783 0.898534
0.862339 1.222304
0.855838 1.162427
0.828814 1.197905
0.855670 1.227691
0.904500 0.758850
1.001137 1.229156
0.818087 1.069895
0.245552 0.464232
0.454817 0.392651
0.052324 0.297952
0.204276 0.354289
0.151509 0.205329
0.395520 0.455367
0.078784 0.467391
0.271767 0.457610
0.324595 0.035798
0.458602 0.292169
0.421903 0.082415
0.378262 0.129017
0.300531 0.248741
0.063509 0.248100
0.236122 0.111362
0.323908 0.352855
0.472091 0.128773
0.467772 0.216773
0.342448 0.085314
0.032960 0.303644
0.473800 0.297754
0.229621 0.251839
0.394482 0.100162
0.047853 0.363796
0.129170 0.372921
0.233634 0.490707
0.106891 0.130985
0.085940 0.453597
0.460585 0.437696
0.278436 0.390927
0.046480 0.159047
0.158528 0.173788
0.261391 0.324778
0.227210 0.279000
0.485702 0.111179
0.252617 0.260750
0.230811 0.211921
0.220527 0.211737
0.318583 0.111850
0.074938 0.353938
0.171148 0.030107
0.451750 0.150044
0.039354 0.047502
0.358730 0.075991
0.247581 0.184286
0.004929 0.445265
0.283441 0.443602
0.232719 0.425443
0.310343 0.086505
0.255226 0.138020
0.430921 0.153981
0.152898 0.481613
0.279626 0.001663
0.331721 0.069536
0.272576 0.362926
0.396588 0.422300
0.092715 0.205756
0.142857 0.305460
0.238456 0.399487
0.119098 0.353816
0.213874 0.456450
0.464354 0.372188
0.188788 0.364574
0.472884 0.453627
0.206488 0.276421
0.089557 0.305689
0.267586 0.070284
0.289132 0.425306
0.367916 0.048982
0.042329 0.012864
0.318628 0.291955
0.322001 0.266259
0.426725 0.426328
0.352489 0.445372
0.363979 0.332545
0.055162 0.347713
0.302469 0.050172
0.393612 0.085864
0.144963 0.399609
0.071001 0.307260
0.427961 0.085055
0.283517 0.246971
0.225806 0.294794
0.482238 0.254082
0.133976 0.063921
0.347118 0.182485
0.159474 0.415708
0.426023 0.286355
0.096606 0.046449
0.141774 0.011277
0.216330 0.070437
0.120670 0.321451
0.346995 0.089633
0.045259 0.453627
0.175069 0.104511
0.484771 0.238456
0.343547 0.031098
0.406095 0.379940
0.176305 0.340297
0.318735 0.333293
0.106754 0.084719
0.256447 0.172246
0.138508 0.328990
0.049074 0.086200
0.416486 0.248863
0.087527 0.397885
0.236564 0.415052
0.034974 0.241981
0.071673 0.027085
0.187521 0.295892
0.442793 0.113178
0.437407 0.202414
0.212622 0.461348
0.041871 0.075838
0.130436 0.297754
0.150822 0.231407
0.205802 0.477691
0.296319 0.029145
0.239723 0.204794
0.297281 0.472594
0.091052 0.044420
0.282159 0.452910
0.006333 0.246376
0.283059 0.279351
0.091372 0.142918
0.104175 0.386212
0.252434 0.137654
0.417829 0.357433
0.185247 0.050722
0.291101 0.158986
0.240181 0.336238
0.096286 0.220038
0.241295 0.437269
0.008362 0.253319
0.087771 0.294214
0.042299 0.455382
0.215644 0.272134
0.333674 0.477294
0.247948 0.022553
0.115513 0.306696
0.411618 0.045656
0.094684 0.451308
0.048952 0.468093
0.180548 0.064974
0.302057 0.302286
0.269570 0.406873
0.298135 0.202933
0.038560 0.273934
0.414060 0.486084
0.449858 0.298013
0.447920 1.926496
0.421506 1.747581
0.276223 1.599078
0.365749 1.725059
0.324305 1.779855
0.048616 1.900342
0.428495 1.671957
0.474105 1.670934
0.417936 1.972793
0.245705 1.889630
0.494324 1.547197
0.108798 1.550050
0.237541 1.723167
0.126698 1.570925
0.315485 1.974822
0.193625 1.569582
0.226020 1.508942
0.337809 1.765343
0.149373 1.520539
0.017640 1.903363
0.238960 1.632618
0.364193 1.839686
0.428755 1.786584
0.073107 1.678076
0.085543 1.598132
0.399075 1.599078
0.083926 1.944792
0.455870 1.772271
0.132221 1.800363
0.275353 1.992019
0.427656 1.582293
0.328211 1.927564
0.468612 1.527085
0.459822 1.627934
0.102329 1.859859
0.444304 1.672460
0.136052 1.773400
0.109745 1.607288
0.089755 1.982437
0.238029 1.558763
0.418638 1.868694
0.192022 1.664159
0.283425 1.982452
0.473495 1.710364
0.196677 1.916120
0.164815 1.621296
0.123249 1.815500
0.457717 1.684530
0.362819 1.544481
0.221732 1.657735
0.292901 1.768517
0.316218 1.645772
0.300394 1.972793
0.098376 1.888821
0.479522 1.680517
0.330805 1.852199
0.424635 1.887112
0.441603 1.758812
0.195944 1.975768
0.340007 1.954298
0.286019 1.630085
0.241035 1.746010
0.165563 1.509491
0.201895 1.606250
0.236381 1.702857
0.323374 1.880261
0.269570 1.726142
0.319575 1.889843
0.157399 1.579546
0.408826 1.573046
0.056627 1.629978
0.228996 1.550676
0.251610 1.834178
0.230415 1.760109
0.315271 1.568377
0.249382 1.547136
0.395947 1.580111
0.215552 1.856502
0.208548 1.827509
0.196127 1.911603
0.057695 1.722083
0.230186 1.524140
0.471419 1.540452
0.156133 1.924299
0.273095 1.520569
0.385449 1.751915
0.170354 1.908109
0.325785 1.599643
0.188284 1.968795
0.406766 1.748268
0.025788 1.732124
0.411252 1.985153
0.162832 1.982131
0.065523 1.646260
0.296747 1.760842
0.091418 1.772576
0.435789 1.900113
0.173284 1.521149
0.228126 1.847362
0.043321 1.721915
0.354167 1.800851
0.138234 1.720466
0.060549 1.920286
0.029984 1.897671
0.163945 1.628010
0.084506 1.506592
0.102542 1.766915
0.050783 1.717628
0.363659 1.630207
0.033769 1.511887
0.365322 1.628971
0.054399 1.814295
0.120273 1.613056
0.149327 1.506165
0.260079 1.610797
0.214179 1.708624
0.247887 1.503525
0.042787 1.976867
0.357723 1.900037
0.266045 1.796396
0.248573 1.726981
0.143193 1.521561
0.211173 1.800806
0.408856 1.647053
0.415998 1.896542
0.128712 1.553118
0.240104 1.579501
0.267312 1.614994
0.001404 1.815134
0.420698 1.817209
0.178213 1.622913
0.417341 1.763420
0.442167 1.789850
0.240349 1.722388
0.082980 1.908994
0.474029 1.600665
0.152699 1.758995
0.227958 1.982742
0.407971 1.789956
0.241920 1.629032
0.378109 1.731437
0.124378 1.572817
0.137516 1.588092
0.428022 1.706076
0.110096 1.538682
0.015275 1.995422
0.484130 1.503937
0.417096 1.718497
0.065554 1.899197
0.137791 1.861492
1.648061 0.336955
1.609592 0.068422
1.727561 0.295450
1.749550 0.282800
1.639790 0.018677
1.822092 0.472274
1.948836 0.163350
1.560442 0.076952
1.664617 0.458632
1.750038 0.072008
1.617832 0.394192
1.726722 0.285043
1.570009 0.202246
1.993347 0.359096
1.887234 0.149068
1.907590 0.001679
1.855358 0.401791
1.644093 0.410703
1.964949 0.485916
1.884381 0.017579
1.744194 0.099429
1.937071 0.438597
1.967650 0.298853
1.742225 0.274636
1.819086 0.323038
1.962508 0.150426
1.836741 0.070254
1.614185 0.133488
1.718726 0.494324
1.941633 0.423643
1.816965 0.435118
1.987838 0.453658
1.897824 0.149525
1.564455 0.291696
1.997330 0.058000
1.574435 0.486068
1.949339 0.472732
1.890194 0.242973
1.914655 0.322626
1.740638 0.078082
1.989227 0.141392
1.810144 0.332087
1.719596 0.333598
1.502503 0.191260
1.603717 0.484756
1.573107 0.103641
1.905179 0.231056
1.582278 0.231193
1.859111 0.454329
1.873241 0.328715
1.597751 0.317560
1.527390 0.190283
1.873974 0.407239
1.500458 0.053514
1.910581 0.497482
1.892224 0.102680
1.953963 0.201926
1.553346 0.460845
1.859783 0.029054
1.982177 0.311991
1.789087 0.106296
1.714560 0.043779
1.842906 0.088809
1.660283 0.051210
1.713431 0.018418
1.588626 0.092196
1.679937 0.148442
1.716498 0.335459
1.527482 0.499802
1.602435 0.491440
1.716773 0.164357
1.799158 0.166890
1.882855 0.120960
1.968139 0.333689
1.991302 0.079623
1.909207 0.052431
1.729530 0.119831
1.708380 0.341823
1.961821 0.138356
1.956847 0.333766
1.825693 0.372265
1.744438 0.105701
1.798196 0.012711
1.880657 0.329905
1.809946 0.175298
1.546373 0.131062
1.735221 0.242363
1.829234 0.292337
1.836085 0.342967
1.846095 0.200751
1.988769 0.486404
1.905362 0.172506
1.770394 0.114338
1.912626 0.048647
1.734199 0.087832
1.972564 0.202017
1.951369 0.374325
1.890118 0.345912
1.647450 0.450529
1.524369 0.285089
1.511963 0.186819
1.698096 0.499863
1.508515 0.228629
1.615879 0.203711
1.764473 0.140507
1.994491 0.265297
1.867473 0.328578
1.857921 0.135197
1.647633 0.006912
1.700934 0.168310
1.772988 0.223502
1.973662 0.482269
1.736549 0.211264
1.590701 0.242637
1.563311 0.080172
1.917798 0.015580
1.814829 0.115528
1.939070 0.078433
1.719916 0.198523
1.558153 0.328913
1.509415 0.114292
1.736198 0.183676
1.783303 0.263543
1.919889 0.106662
1.987869 0.042833
1.962600 0.157964
1.831690 0.409726
1.992019 0.203909
1.718024 0.397870
1.926923 0.178793
1.521973 0.098056
1.596683 0.039064
1.790445 0.370739
1.666387 0.300485
1.693228 0.305475
1.820719 0.298914
1.803003 0.193182
1.909742 0.065401
1.532731 0.026734
1.509797 0.456145
1.808252 0.295434
1.602512 0.427885
1.804483 0.089007
1.825098 0.099521
1.823145 0.277001
1.995056 0.490478
1.640233 0.278726
1.862438 0.076388
1.901334 0.189856
1.792795 0.052858
1.892956 1.781030
1.833872 1.947798
1.767907 1.634098
1.869213 1.973098
1.552919 1.931791
1.811884 1.756035
1.516663 1.666204
1.541231 1.841456
1.726173 1.782022
1.536027 1.604740
1.869900 1.519715
1.907056 1.966857
1.675542 1.974838
1.782067 1.551485
1.500626 1.638432
1.746605 1.675527
1.924207 1.934904
1.793527 1.812815
1.917417 1.522141
1.984390 1.922483
1.921628 1.870403
1.775964 1.781869
1.911557 1.884777
1.714896 1.715232
1.772149 1.587466
1.953566 1.858409
1.566897 1.625141
1.790490 1.850230
1.525971 1.617161
1.688208 1.591449
1.832133 1.610172
1.971816 1.961577
1.532670 1.654897
1.661229 1.634327
1.655477 1.770516
1.640614 1.882443
1.857219 1.812418
1.617496 1.512238
1.682012 1.508866
1.575274 1.818857
1.758476 1.682257
1.672018 1.702384
1.513398 1.920560
1.788537 1.836039
1.730232 1.714621
1.679144 1.526444
1.530229 1.826853
1.927992 1.657216
1.604755 1.906980
1.664190 1.855800
1.776650 1.620563
1.738929 1.774987
1.718726 1.805841
1.817560 1.628956
1.907758 1.924360
1.589801 1.875103
1.641789 1.821375
1.551393 1.681753
1.699286 1.561342
1.560015 1.572832
1.967650 1.854274
1.618747 1.889843
1.619938 1.838405
1.590365 1.961806
1.667409 1.735176
1.795175 1.623844
1.966094 1.641728
1.695944 1.975234
1.505753 1.976745
1.622852 1.516877
1.559084 1.845225
1.741508 1.559877
1.519410 1.837977
1.717322 1.544664
1.505005 1.531037
1.779366 1.662328
1.558123 1.701239
1.636555 1.918073
1.516907 1.522858
1.949797 1.527772
1.888226 1.761727
1.812601 1.788217
1.799631 1.731605
1.943907 1.811411
1.858608 1.529344
1.545702 1.764046
1.997024 1.813593
1.529023 1.502213
1.629246 1.643284
1.561022 1.742424
1.701712 1.641285
1.636647 1.659307
1.962294 1.998840
1.627705 1.550691
1.527421 1.586444
1.512726 1.960753
1.575442 1.686911
1.740532 1.901730
1.743690 1.615894
1.930692 1.564913
1.558107 1.746025
1.864086 1.661565
1.973113 1.699698
1.966674 1.784265
1.849834 1.726707
1.739357 1.929456
1.951155 1.531831
1.837550 1.571703
1.781289 1.568438
1.752953 1.930433
1.848399 1.563417
1.801294 1.819437
1.677923 1.789193
1.868648 1.720389
1.655324 1.848445
1.619785 1.970244
1.525819 1.987243
1.621540 1.703711
1.629566 1.701910
1.584307 1.941298
1.700323 1.655736
1.674810 1.963286
1.805658 1.670599
1.603381 1.860607
1.756981 1.809641
1.938704 1.903088
1.567309 1.816233
1.853175 1.615665
1.785134 1.925123
1.752220 1.703299
1.782220 1.811197
1.990341 1.714988
1.823847 1.691565
1.627308 1.587878
1.999252 1.846721
1.927518 1.961730
1.840510 1.576006
1.555498 1.904584
1.708258 1.853603
1.671102 1.940168
1.771798 1.700049
1.876949 1.517624
1.662359 1.535417
1.721717 1.814432
1.627171 1.529405
1.712180 1.512696
1.762673 1.714225
1.537095 1.939940
1.654958 1.875774
1.956221 1.714560
0.022340 1.954894
0.229621 1.148289
0.283273 0.845058
1.340617 0.068606
1.970214 0.819910
1.173009 0.710776
1.395184 1.181982
0.101382 0.104495
0.009095 0.958708
1.903745 1.335185
0.299081 0.459487
1.340434 0.055666
0.502457 0.383007
1.081759 0.955657
1.450179 0.538652
1.794793 0.749657
1.850826 1.242653
0.203192 1.248024
1.329264 1.453597
0.932463 1.071688
1.531175 0.708029
0.952055 1.574572
0.606769 0.919401
0.428663 1.535142
1.386029 1.103183
0.801416 0.179876
0.557146 1.089755
1.892514 1.101962
1.162450 1.288491
0.865383 0.635884
1.722404 0.564959
0.843349 1.252846
0.301096 1.293680
0.000366 1.537156
0.826441 1.649709
0.937590 1.307657
1.975341 0.200262
1.156957 1.446272
1.939268 0.860683
0.445204 0.995636
1.380169 1.274758
1.981079 1.089267
1.890805 0.684713
0.976287 0.275826
0.271310 0.351085
1.665883 0.800745
1.935057 0.586322
0.457350 0.407239
1.754692 1.463912
0.053224 1.219275
1.664113 1.265786
0.358409 0.269234
1.324747 1.730827
0.985260 1.232582
1.172338 0.166387
1.169103 1.931944
0.154057 1.485702
1.905881 1.173193
1.470382 0.233161
0.125370 1.476424
0.632405 1.661245
1.712210 1.263344
1.149144 1.919797
1.186193 1.064974
0.155339 0.421766
0.856471 1.310526
1.293863 0.446852
1.259865 0.261605
1.163854 1.046175
1.697440 1.652821
0.648335 0.309824
0.680807 0.602252
1.433027 1.060701
1.101718 1.353984
1.028840 1.036348
1.936033 1.415021
0.611286 0.621601
1.295816 1.649098
0.988250 0.194525
0.641560 0.890530
1.009430 0.148198
0.967132 0.639546
1.729911 1.650624
0.769372 0.402417
0.639607 1.205481
0.616047 1.238624
1.272073 1.076510
0.123478 0.077334
0.504471 0.636982
0.157048 0.366527
0.861660 0.708090
0.066836 1.615589
0.136235 1.947752
0.770714 1.396039
1.638417 1.352702
1.497909 0.361034
1.385846 1.936766
1.004913 1.847468
1.548936 1.646901
1.076876 0.621845
0.461501 0.580279
1.126438 0.334239
0.510758 0.564592
1.702689 0.240608
0.218574 0.164251
1.722831 0.758141
1.826655 1.174596
1.239174 0.414563
0.698080 1.667287
0.553545 1.754570
1.848140 1.648488
1.491989 0.766015
1.915830 0.393262
1.651906 1.387799
1.890011 1.518296
1.434858 1.662648
0.901517 0.854640
0.676351 1.096469
0.394299 1.184790
0.686422 1.787835
0.987945 0.904691
0.512223 0.888760
1.344279 0.674642
1.236549 0.960906
1.349895 1.120640
1.123142 1.787835
0.928434 1.648793
1.423078 0.207465
0.793298 1.436323
1.652760 1.526780
0.454848 0.659810
0.158147 1.079867
1.794122 1.025239
0.776086 1.494552
1.514878 1.660207
1.405316 0.227241
0.787622 1.433027
1.301309 0.930754
1.397382 1.759575
0.905240 1.215979
0.707480 0.960601
1.021149 0.371105
0.752892 0.233100
1.152989 1.600085
1.774590 0.296762
1.814631 0.342906
1.507614 0.779015
0.624348 1.241310
0.536210 1.401044
0.998321 1.310160
